0x0
KeyCode Display app. for Developer
 Copyright (c)2012-2023 FREE WING
http://www.neko.ne.jp/~freewing/

MaxKeyCode: 284
Key        Meta  Event Key
Code,Flags,State, Time,Name
113,0008,003000,02461,'CTRL_LEFT'
113,0008,003000,03181,'CTRL_LEFT'
113,0008,003000,03901,'CTRL_LEFT'
113,0008,003000,04621,'CTRL_LEFT'
 29,0008,003000,04621,'A'
113,0008,003000,05341,'CTRL_LEFT'
 30,0008,003000,05341,'B'
113,0008,003000,06061,'CTRL_LEFT'
 31,0008,003000,06061,'C'
113,0008,003000,06781,'CTRL_LEFT'
 32,0008,003000,06781,'D'
113,0008,003000,07501,'CTRL_LEFT'
 33,0008,003000,07501,'E'
113,0008,003000,08266,'CTRL_LEFT'
 34,0008,003000,08266,'F'
113,0008,003000,08851,'CTRL_LEFT'
 35,0008,003000,08851,'G'
113,0008,003000,09526,'CTRL_LEFT'
 36,0008,003000,09526,'H'
113,0008,003000,10246,'CTRL_LEFT'
 37,0008,003000,10246,'I'
113,0008,003000,10966,'CTRL_LEFT'
 38,0008,003000,10966,'J'
113,0008,003000,11686,'CTRL_LEFT'
 39,0008,003000,11686,'K'
113,0008,003000,12406,'CTRL_LEFT'
 40,0008,003000,12406,'L'
113,0008,003000,13126,'CTRL_LEFT'
 41,0008,003000,13126,'M'
113,0008,003000,13846,'CTRL_LEFT'
 42,0008,003000,13846,'N'
113,0008,003000,14656,'CTRL_LEFT'
 43,0008,003000,14656,'O'
113,0008,003000,15286,'CTRL_LEFT'
 44,0008,003000,15286,'P'
113,0008,003000,16006,'CTRL_LEFT'
 45,0008,003000,16006,'Q'
113,0008,003000,16726,'CTRL_LEFT'
 46,0008,003000,16726,'R'
113,0008,003000,17491,'CTRL_LEFT'
 47,0008,003000,17491,'S'
113,0008,003000,18121,'CTRL_LEFT'
 48,0008,003000,18121,'T'
113,0008,003000,18841,'CTRL_LEFT'
 49,0008,003000,18841,'U'
113,0008,003000,19651,'CTRL_LEFT'
 50,0008,003000,19651,'V'
113,0008,003000,20281,'CTRL_LEFT'
 51,0008,003000,20281,'W'
113,0008,003000,20911,'CTRL_LEFT'
 52,0008,003000,20911,'X'
113,0008,003000,21631,'CTRL_LEFT'
 53,0008,003000,21631,'Y'
113,0008,003000,22351,'CTRL_LEFT'
 54,0008,003000,22351,'Z'
113,0008,003000,23116,'CTRL_LEFT'
  8,0008,003000,23116,'1'
113,0008,003000,23791,'CTRL_LEFT'
  9,0008,003000,23791,'2'
113,0008,003000,24601,'CTRL_LEFT'
 10,0008,003000,24601,'3'
113,0008,003000,25231,'CTRL_LEFT'
 11,0008,003000,25231,'4'
113,0008,003000,25906,'CTRL_LEFT'
 12,0008,003000,25906,'5'
113,0008,003000,26536,'CTRL_LEFT'
 13,0008,003000,26536,'6'
113,0008,003000,27256,'CTRL_LEFT'
 14,0008,003000,27256,'7'
113,0008,003000,27976,'CTRL_LEFT'
 15,0008,003000,27976,'8'
113,0008,003000,28696,'CTRL_LEFT'
 16,0008,003000,28696,'9'
113,0008,003000,29326,'CTRL_LEFT'
  7,0008,003000,29326,'0'
113,0008,003000,30136,'CTRL_LEFT'
 66,0008,003000,30136,'ENTER'
113,0008,003000,30856,'CTRL_LEFT'
111,0008,003000,30856,'ESCAPE'
113,0008,003000,31576,'CTRL_LEFT'
 67,0008,003000,31576,'DEL'
113,0008,003000,32296,'CTRL_LEFT'
 61,0008,003000,32296,'TAB'
113,0008,003000,33151,'CTRL_LEFT'
 62,0008,003000,33151,'SPACE'
113,0008,003000,33826,'CTRL_LEFT'
 69,0008,003000,33826,'MINUS'
113,0008,003000,34546,'CTRL_LEFT'
 70,0008,003000,34546,'EQUALS'
113,0008,003000,35266,'CTRL_LEFT'
 71,0008,003000,35266,'LEFT_BRACKET'
113,0008,003000,35941,'CTRL_LEFT'
 72,0008,003000,35941,'RIGHT_BRACKET'
113,0008,003000,36661,'CTRL_LEFT'
 73,0008,003000,36661,'BACKSLASH'
113,0008,003000,37381,'CTRL_LEFT'
 73,0008,003000,37381,'BACKSLASH'
113,0008,003000,38101,'CTRL_LEFT'
 74,0008,003000,38101,'SEMICOLON'
113,0008,003000,38821,'CTRL_LEFT'
 75,0008,003000,38821,'APOSTROPHE'
113,0008,003000,39541,'CTRL_LEFT'
 68,0008,003000,39541,'GRAVE'
113,0008,003000,40261,'CTRL_LEFT'
 55,0008,003000,40261,'COMMA'
113,0008,003000,40981,'CTRL_LEFT'
 56,0008,003000,40981,'PERIOD'
113,0008,003000,41701,'CTRL_LEFT'
 76,0008,003000,41701,'SLASH'
113,0008,003000,42511,'CTRL_LEFT'
115,0008,003000,42511,'CAPS_LOCK'
113,0008,103000,43231,'CTRL_LEFT'
131,0008,103000,43231,'F1'
113,0008,103000,44041,'CTRL_LEFT'
132,0008,103000,44041,'F2'
113,0008,103000,44761,'CTRL_LEFT'
133,0008,103000,44761,'F3'
113,0008,103000,45481,'CTRL_LEFT'
134,0008,103000,45481,'F4'
113,0008,103000,46201,'CTRL_LEFT'
135,0008,103000,46201,'F5'
113,0008,103000,46921,'CTRL_LEFT'
136,0008,103000,46921,'F6'
113,0008,103000,47641,'CTRL_LEFT'
137,0008,103000,47641,'F7'
113,0008,103000,45020,'CTRL_LEFT'
137,0008,103000,45020,'F7'
113,0008,103000,45650,'CTRL_LEFT'
138,0008,103000,45650,'F8'
113,0008,103000,46370,'CTRL_LEFT'
139,0008,103000,46370,'F9'
113,0008,103000,47045,'CTRL_LEFT'
140,0008,103000,47045,'F10'
113,0008,103000,47765,'CTRL_LEFT'
141,0008,103000,47765,'F11'
113,0008,103000,48485,'CTRL_LEFT'
142,0008,103000,48485,'F12'
113,0008,103000,49340,'CTRL_LEFT'
113,0008,103000,49925,'CTRL_LEFT'
116,0008,103000,49925,'SCROLL_LOCK'
113,0008,503000,50645,'CTRL_LEFT'
121,0008,503000,50645,'BREAK'
113,0008,503000,79535,'CTRL_LEFT'
137,0008,503000,79535,'F7'
113,0008,503000,80345,'CTRL_LEFT'
138,0008,503000,80345,'F8'
113,0008,503000,80975,'CTRL_LEFT'
139,0008,503000,80975,'F9'
113,0008,503000,81785,'CTRL_LEFT'
140,0008,503000,81785,'F10'
113,0008,503000,82505,'CTRL_LEFT'
141,0008,503000,82505,'F11'
113,0008,503000,83225,'CTRL_LEFT'
142,0008,503000,83225,'F12'
113,0008,503000,84080,'CTRL_LEFT'
113,0008,503000,84755,'CTRL_LEFT'
116,0008,503000,84755,'SCROLL_LOCK'
113,0008,103000,24085,'CTRL_LEFT'
142,0008,103000,24085,'F12'
113,0008,103000,11115,'CTRL_LEFT'
116,0008,103000,11115,'SCROLL_LOCK'
113,0008,503000,11835,'CTRL_LEFT'
121,0008,503000,11835,'BREAK'
113,0008,503000,12555,'CTRL_LEFT'
124,0008,503000,12555,'INSERT'
113,0008,503000,13275,'CTRL_LEFT'
122,0008,503000,13275,'MOVE_HOME'
113,0008,503000,14085,'CTRL_LEFT'
 92,0008,503000,14085,'PAGE_UP'
113,0008,503000,14805,'CTRL_LEFT'
112,0008,503000,14805,'FORWARD_DEL'
113,0008,503000,15525,'CTRL_LEFT'
123,0008,503000,15525,'MOVE_END'
113,0008,503000,16245,'CTRL_LEFT'
 93,0008,503000,16245,'PAGE_DOWN'
113,0008,503000,17055,'CTRL_LEFT'
 22,0008,503000,17055,'DPAD_RIGHT'
113,0008,503000,17775,'CTRL_LEFT'
 21,0008,503000,17775,'DPAD_LEFT'
113,0008,503000,18630,'CTRL_LEFT'
 20,0008,503000,18630,'DPAD_DOWN'
113,0008,503000,19215,'CTRL_LEFT'
 19,0008,503000,19215,'DPAD_UP'
113,0008,503000,19935,'CTRL_LEFT'
143,0008,503000,19935,'NUM_LOCK'
113,0008,703000,20655,'CTRL_LEFT'
154,0008,703000,20655,'NUMPAD_DIVIDE'
113,0008,703000,21465,'CTRL_LEFT'
155,0008,703000,21465,'NUMPAD_MULTIPLY'
113,0008,703000,22050,'CTRL_LEFT'
156,0008,703000,22050,'NUMPAD_SUBTRACT'
113,0008,703000,22770,'CTRL_LEFT'
157,0008,703000,22770,'NUMPAD_ADD'
113,0008,703000,23490,'CTRL_LEFT'
160,0008,703000,23490,'NUMPAD_ENTER'
113,0008,703000,24300,'CTRL_LEFT'
145,0008,703000,24300,'NUMPAD_1'
113,0008,703000,25020,'CTRL_LEFT'
146,0008,703000,25020,'NUMPAD_2'
113,0008,703000,25740,'CTRL_LEFT'
147,0008,703000,25740,'NUMPAD_3'
113,0008,703000,26460,'CTRL_LEFT'
148,0008,703000,26460,'NUMPAD_4'
113,0008,703000,27270,'CTRL_LEFT'
149,0008,703000,27270,'NUMPAD_5'
113,0008,703000,27989,'CTRL_LEFT'
150,0008,703000,27989,'NUMPAD_6'
113,0008,703000,28710,'CTRL_LEFT'
151,0008,703000,28710,'NUMPAD_7'
113,0008,703000,29430,'CTRL_LEFT'
152,0008,703000,29430,'NUMPAD_8'
113,0008,703000,30150,'CTRL_LEFT'
153,0008,703000,30150,'NUMPAD_9'
113,0008,703000,30870,'CTRL_LEFT'
144,0008,703000,30870,'NUMPAD_0'
113,0008,703000,31590,'CTRL_LEFT'
158,0008,703000,31590,'NUMPAD_DOT'
113,0008,703000,32309,'CTRL_LEFT'
 73,0008,703000,32309,'BACKSLASH'
113,0008,703000,33030,'CTRL_LEFT'
 82,0008,703000,33030,'MENU'
113,0008,703000,99899,'CTRL_LEFT'
161,0008,703000,99899,'NUMPAD_EQUALS'
113,0008,703000,00619,'CTRL_LEFT'
  0,0008,703000,00619,'UNKNOWN'
113,0008,703000,01339,'CTRL_LEFT'
  0,0008,703000,01339,'UNKNOWN'
113,0008,703000,02059,'CTRL_LEFT'
  0,0008,703000,02059,'UNKNOWN'
113,0008,703000,02779,'CTRL_LEFT'
  0,0008,703000,02779,'UNKNOWN'
113,0008,703000,03499,'CTRL_LEFT'
  0,0008,703000,03499,'UNKNOWN'
113,0008,703000,04174,'CTRL_LEFT'
  0,0008,703000,04174,'UNKNOWN'
113,0008,703000,04894,'CTRL_LEFT'
  0,0008,703000,04894,'UNKNOWN'
113,0008,703000,05614,'CTRL_LEFT'
  0,0008,703000,05614,'UNKNOWN'
113,0008,703000,06334,'CTRL_LEFT'
  0,0008,703000,06334,'UNKNOWN'
113,0008,703000,07054,'CTRL_LEFT'
  0,0008,703000,07054,'UNKNOWN'
113,0008,703000,07864,'CTRL_LEFT'
  0,0008,703000,07864,'UNKNOWN'
113,0008,703000,08494,'CTRL_LEFT'
  0,0008,703000,08494,'UNKNOWN'
113,0008,703000,09214,'CTRL_LEFT'
  0,0008,703000,09214,'UNKNOWN'
113,0008,703000,09934,'CTRL_LEFT'
  0,0008,703000,09934,'UNKNOWN'
113,0008,703000,10654,'CTRL_LEFT'
  0,0008,703000,10654,'UNKNOWN'
113,0008,703000,11284,'CTRL_LEFT'
  0,0008,703000,11284,'UNKNOWN'
113,0008,703000,12094,'CTRL_LEFT'
 86,0008,703000,12094,'MEDIA_STOP'
113,0008,703000,12679,'CTRL_LEFT'
  0,0008,703000,12679,'UNKNOWN'
113,0008,703000,13534,'CTRL_LEFT'
  0,0008,703000,13534,'UNKNOWN'
113,0008,703000,14209,'CTRL_LEFT'
277,0008,703000,14209,'277'
113,0008,703000,14929,'CTRL_LEFT'
278,0008,703000,14929,'278'
113,0008,703000,15649,'CTRL_LEFT'
279,0008,703000,15649,'279'
113,0008,703000,16369,'CTRL_LEFT'
  0,0008,703000,16369,'UNKNOWN'
113,0008,703000,17089,'CTRL_LEFT'
164,0008,703000,17089,'VOLUME_MUTE'
113,0008,703000,17809,'CTRL_LEFT'
 24,0008,703000,17809,'VOLUME_UP'
113,0008,703000,18529,'CTRL_LEFT'
 25,0008,703000,18529,'VOLUME_DOWN'
113,0008,703000,19339,'CTRL_LEFT'
  0,0008,703000,19339,'UNKNOWN'
113,0008,703000,19969,'CTRL_LEFT'
  0,0008,703000,19969,'UNKNOWN'
113,0008,703000,20689,'CTRL_LEFT'
  0,0008,703000,20689,'UNKNOWN'
113,0008,703000,21409,'CTRL_LEFT'
159,0008,703000,21409,'NUMPAD_COMMA'
113,0008,703000,22174,'CTRL_LEFT'
  0,0008,703000,22174,'UNKNOWN'
113,0008,703000,22849,'CTRL_LEFT'
217,0008,703000,22849,'217'
113,0008,703000,23569,'CTRL_LEFT'
215,0008,703000,23569,'215'
113,0008,703000,24244,'CTRL_LEFT'
216,0008,703000,24244,'216'
113,0008,703000,24874,'CTRL_LEFT'
214,0008,703000,24874,'214'
113,0008,703000,25684,'CTRL_LEFT'
213,0008,703000,25684,'213'
113,0008,703000,26404,'CTRL_LEFT'
159,0008,703000,26404,'NUMPAD_COMMA'
113,0008,703000,27034,'CTRL_LEFT'
  0,0008,703000,27034,'UNKNOWN'
113,0008,703000,27844,'CTRL_LEFT'
  0,0008,703000,27844,'UNKNOWN'
113,0008,703000,28564,'CTRL_LEFT'
  0,0008,703000,28564,'UNKNOWN'
113,0008,703000,29284,'CTRL_LEFT'
1005,0008,703000,29284,'1005'
113,0008,703000,30004,'CTRL_LEFT'
212,0008,703000,30004,'212'
113,0008,703000,30769,'CTRL_LEFT'
  0,0008,703000,30769,'UNKNOWN'
113,0008,703000,31444,'CTRL_LEFT'
  0,0008,703000,31444,'UNKNOWN'
113,0008,703000,32164,'CTRL_LEFT'
211,0008,703000,32164,'211'
113,0008,703000,32884,'CTRL_LEFT'
  0,0008,703000,32884,'UNKNOWN'
113,0008,703000,33604,'CTRL_LEFT'
  0,0008,703000,33604,'UNKNOWN'
113,0008,703000,34279,'CTRL_LEFT'
  0,0008,703000,34279,'UNKNOWN'
113,0008,703000,34999,'CTRL_LEFT'
  0,0008,703000,34999,'UNKNOWN'
113,0008,703000,35719,'CTRL_LEFT'
  0,0008,703000,35719,'UNKNOWN'
113,0008,703000,36574,'CTRL_LEFT'
  0,0008,703000,36574,'UNKNOWN'
113,0008,703000,37249,'CTRL_LEFT'
  0,0008,703000,37249,'UNKNOWN'
113,0008,703000,37969,'CTRL_LEFT'
112,0008,703000,37969,'FORWARD_DEL'
113,0008,703000,38689,'CTRL_LEFT'
  0,0008,703000,38689,'UNKNOWN'
113,0008,703000,39409,'CTRL_LEFT'
  0,0008,703000,39409,'UNKNOWN'
113,0008,703000,40129,'CTRL_LEFT'
  0,0008,703000,40129,'UNKNOWN'
113,0008,703000,40849,'CTRL_LEFT'
  0,0008,703000,40849,'UNKNOWN'
113,0008,703000,41569,'CTRL_LEFT'
  0,0008,703000,41569,'UNKNOWN'
113,0008,703000,42289,'CTRL_LEFT'
  0,0008,703000,42289,'UNKNOWN'
113,0008,703000,43009,'CTRL_LEFT'
  0,0008,703000,43009,'UNKNOWN'
113,0008,703000,43729,'CTRL_LEFT'
  0,0008,703000,43729,'UNKNOWN'
113,0008,703000,44449,'CTRL_LEFT'
  0,0008,703000,44449,'UNKNOWN'
113,0008,703000,45169,'CTRL_LEFT'
  0,0008,703000,45169,'UNKNOWN'
113,0008,703000,45889,'CTRL_LEFT'
  0,0008,703000,45889,'UNKNOWN'
113,0008,703000,46609,'CTRL_LEFT'
  0,0008,703000,46609,'UNKNOWN'
113,0008,703000,47284,'CTRL_LEFT'
  0,0008,703000,47284,'UNKNOWN'
113,0008,703000,48049,'CTRL_LEFT'
  0,0008,703000,48049,'UNKNOWN'
113,0008,703000,48724,'CTRL_LEFT'
  0,0008,703000,48724,'UNKNOWN'
113,0008,703000,49579,'CTRL_LEFT'
  0,0008,703000,49579,'UNKNOWN'
113,0008,703000,50254,'CTRL_LEFT'
  0,0008,703000,50254,'UNKNOWN'
113,0008,703000,50974,'CTRL_LEFT'
  0,0008,703000,50974,'UNKNOWN'
113,0008,703000,51694,'CTRL_LEFT'
  0,0008,703000,51694,'UNKNOWN'
113,0008,703000,52414,'CTRL_LEFT'
  0,0008,703000,52414,'UNKNOWN'
113,0008,703000,53134,'CTRL_LEFT'
  0,0008,703000,53134,'UNKNOWN'
113,0008,703000,53854,'CTRL_LEFT'
  0,0008,703000,53854,'UNKNOWN'
113,0008,703000,54574,'CTRL_LEFT'
  0,0008,703000,54574,'UNKNOWN'
113,0008,703000,55294,'CTRL_LEFT'
  0,0008,703000,55294,'UNKNOWN'
113,0008,703000,56014,'CTRL_LEFT'
  0,0008,703000,56014,'UNKNOWN'
113,0008,703000,56734,'CTRL_LEFT'
162,0008,703000,56734,'NUMPAD_LEFT_PAREN'
113,0008,703000,57454,'CTRL_LEFT'
163,0008,703000,57454,'NUMPAD_RIGHT_PAREN'
113,0008,703000,58174,'CTRL_LEFT'
  0,0008,703000,58174,'UNKNOWN'
113,0008,703000,58894,'CTRL_LEFT'
  0,0008,703000,58894,'UNKNOWN'
113,0008,703000,59614,'CTRL_LEFT'
  0,0008,703000,59614,'UNKNOWN'
113,0008,703000,60199,'CTRL_LEFT'
  0,0008,703000,60199,'UNKNOWN'
113,0008,703000,61009,'CTRL_LEFT'
  0,0008,703000,61009,'UNKNOWN'
113,0008,703000,61864,'CTRL_LEFT'
  0,0008,703000,61864,'UNKNOWN'
113,0008,703000,62584,'CTRL_LEFT'
  0,0008,703000,62584,'UNKNOWN'
113,0008,703000,63259,'CTRL_LEFT'
  0,0008,703000,63259,'UNKNOWN'
113,0008,703000,63979,'CTRL_LEFT'
  0,0008,703000,63979,'UNKNOWN'
113,0008,703000,64699,'CTRL_LEFT'
  0,0008,703000,64699,'UNKNOWN'
113,0008,703000,65419,'CTRL_LEFT'
  0,0008,703000,65419,'UNKNOWN'
113,0008,703000,66139,'CTRL_LEFT'
  0,0008,703000,66139,'UNKNOWN'
113,0008,703000,66859,'CTRL_LEFT'
  0,0008,703000,66859,'UNKNOWN'
113,0008,703000,67579,'CTRL_LEFT'
  0,0008,703000,67579,'UNKNOWN'
113,0008,703000,68299,'CTRL_LEFT'
  0,0008,703000,68299,'UNKNOWN'
113,0008,703000,69019,'CTRL_LEFT'
  0,0008,703000,69019,'UNKNOWN'
113,0008,703000,69649,'CTRL_LEFT'
  0,0008,703000,69649,'UNKNOWN'
113,0008,703000,70459,'CTRL_LEFT'
  0,0008,703000,70459,'UNKNOWN'
113,0008,703000,71179,'CTRL_LEFT'
  0,0008,703000,71179,'UNKNOWN'
113,0008,703000,71899,'CTRL_LEFT'
  0,0008,703000,71899,'UNKNOWN'
113,0008,703000,72619,'CTRL_LEFT'
  0,0008,703000,72619,'UNKNOWN'
113,0008,703000,73294,'CTRL_LEFT'
  0,0008,703000,73294,'UNKNOWN'
113,0008,703000,74014,'CTRL_LEFT'
  0,0008,703000,74014,'UNKNOWN'
113,0008,703000,74734,'CTRL_LEFT'
  0,0008,703000,74734,'UNKNOWN'
113,0008,703000,75589,'CTRL_LEFT'
  0,0008,703000,75589,'UNKNOWN'
113,0008,703000,76399,'CTRL_LEFT'
  0,0008,703000,76399,'UNKNOWN'
113,0008,703000,77029,'CTRL_LEFT'
  0,0008,703000,77029,'UNKNOWN'
113,0008,703000,77704,'CTRL_LEFT'
  0,0008,703000,77704,'UNKNOWN'
113,0008,703000,78424,'CTRL_LEFT'
  0,0008,703000,78424,'UNKNOWN'
113,0008,703000,79054,'CTRL_LEFT'
  0,0008,703000,79054,'UNKNOWN'
113,0008,703000,79864,'CTRL_LEFT'
  0,0008,703000,79864,'UNKNOWN'
113,0008,703000,80584,'CTRL_LEFT'
  0,0008,703000,80584,'UNKNOWN'
113,0008,703000,81304,'CTRL_LEFT'
112,0008,703000,81304,'FORWARD_DEL'
113,0008,703000,82024,'CTRL_LEFT'
  0,0008,703000,82024,'UNKNOWN'
113,0008,703000,82744,'CTRL_LEFT'
  0,0008,703000,82744,'UNKNOWN'
113,0008,703000,83554,'CTRL_LEFT'
  0,0008,703000,83554,'UNKNOWN'
113,0008,703000,84364,'CTRL_LEFT'
  0,0008,703000,84364,'UNKNOWN'
113,0008,703000,85084,'CTRL_LEFT'
  0,0008,703000,85084,'UNKNOWN'
113,0008,703000,85804,'CTRL_LEFT'
  0,0008,703000,85804,'UNKNOWN'
113,0008,703000,86524,'CTRL_LEFT'
  0,0008,703000,86524,'UNKNOWN'
113,0008,703000,87334,'CTRL_LEFT'
113,0008,703000,88054,'CTRL_LEFT'
 59,0008,703041,88054,'SHIFT_LEFT'
113,0008,703000,88774,'CTRL_LEFT'
 57,0008,703012,88774,'ALT_LEFT'
113,0008,703000,89584,'CTRL_LEFT'
113,0008,703000,90214,'CTRL_LEFT'
114,0008,707000,90214,'CTRL_RIGHT'
113,0008,703000,90934,'CTRL_LEFT'
 60,0008,703081,90934,'SHIFT_RIGHT'
113,0008,703000,91654,'CTRL_LEFT'
 58,0008,703022,91654,'ALT_RIGHT'
113,0008,703000,92374,'CTRL_LEFT'
113,0008,703000,93094,'CTRL_LEFT'
 85,0008,703000,93094,'MEDIA_PLAY_PAUSE'
113,0008,703000,93814,'CTRL_LEFT'
 86,0008,703000,93814,'MEDIA_STOP'
113,0008,703000,94534,'CTRL_LEFT'
 88,0008,703000,94534,'MEDIA_PREVIOUS'
113,0008,703000,95254,'CTRL_LEFT'
 87,0008,703000,95254,'MEDIA_NEXT'
113,0008,703000,95839,'CTRL_LEFT'
129,0008,703000,95839,'MEDIA_EJECT'
113,0008,703000,96649,'CTRL_LEFT'
 24,0008,703000,96649,'VOLUME_UP'
113,0008,703000,97369,'CTRL_LEFT'
 25,0008,703000,97369,'VOLUME_DOWN'
113,0008,703000,98089,'CTRL_LEFT'
164,0008,703000,98089,'VOLUME_MUTE'
113,0008,703000,98809,'CTRL_LEFT'
113,0008,703000,00249,'CTRL_LEFT'
125,0008,703000,00249,'FORWARD'
113,0008,703000,01014,'CTRL_LEFT'
 86,0008,703000,01014,'MEDIA_STOP'
113,0008,703000,01689,'CTRL_LEFT'
  0,0008,703000,01689,'UNKNOWN'
113,0008,703000,02409,'CTRL_LEFT'
 92,0008,703000,02409,'PAGE_UP'
113,0008,703000,03129,'CTRL_LEFT'
 93,0008,703000,03129,'PAGE_DOWN'
113,0008,703000,28599,'CTRL_LEFT'
125,0008,703000,28599,'FORWARD'
113,0008,703000,29319,'CTRL_LEFT'
 86,0008,703000,29319,'MEDIA_STOP'
113,0008,703000,30039,'CTRL_LEFT'
  0,0008,703000,30039,'UNKNOWN'
113,0008,703000,30759,'CTRL_LEFT'
 92,0008,703000,30759,'PAGE_UP'
113,0008,703000,31479,'CTRL_LEFT'
 93,0008,703000,31479,'PAGE_DOWN'
113,0008,703000,32199,'CTRL_LEFT'
  0,0008,703000,32199,'UNKNOWN'
113,0008,703000,32919,'CTRL_LEFT'
113,0008,703000,63744,'CTRL_LEFT'
113,0008,703000,65184,'CTRL_LEFT'
125,0008,703000,65184,'FORWARD'
113,0008,703000,65949,'CTRL_LEFT'
 86,0008,703000,65949,'MEDIA_STOP'
113,0008,703000,66624,'CTRL_LEFT'
  0,0008,703000,66624,'UNKNOWN'
113,0008,703000,67299,'CTRL_LEFT'
 92,0008,703000,67299,'PAGE_UP'
113,0008,703000,68019,'CTRL_LEFT'
 93,0008,703000,68019,'PAGE_DOWN'
113,0008,703000,68739,'CTRL_LEFT'
  0,0008,703000,68739,'UNKNOWN'
113,0008,703000,69594,'CTRL_LEFT'
113,0008,703000,88809,'CTRL_LEFT'
113,0008,703000,90249,'CTRL_LEFT'
125,0008,703000,90249,'FORWARD'
113,0008,703000,90969,'CTRL_LEFT'
 86,0008,703000,90969,'MEDIA_STOP'
113,0008,703000,91689,'CTRL_LEFT'
  0,0008,703000,91689,'UNKNOWN'
113,0008,703000,92409,'CTRL_LEFT'
 92,0008,703000,92409,'PAGE_UP'
113,0008,703000,93129,'CTRL_LEFT'
 93,0008,703000,93129,'PAGE_DOWN'
113,0008,703000,93849,'CTRL_LEFT'
  0,0008,703000,93849,'UNKNOWN'
113,0008,703000,18103,'CTRL_LEFT'
113,0008,703000,83848,'CTRL_LEFT'
  4,0008,703000,83848,'BACK'
113,0008,703000,84568,'CTRL_LEFT'
125,0008,703000,84568,'FORWARD'
113,0008,703000,85333,'CTRL_LEFT'
 86,0008,703000,85333,'MEDIA_STOP'
113,0008,703000,86008,'CTRL_LEFT'
  0,0008,703000,86008,'UNKNOWN'
113,0008,703000,86728,'CTRL_LEFT'
 92,0008,703000,86728,'PAGE_UP'
113,0008,703000,87448,'CTRL_LEFT'
 93,0008,703000,87448,'PAGE_DOWN'
113,0008,703000,88168,'CTRL_LEFT'
  0,0008,703000,88168,'UNKNOWN'
113,0008,703000,88888,'CTRL_LEFT'
113,0008,703000,09993,'CTRL_LEFT'
  4,0008,703000,09993,'BACK'
113,0008,703000,10713,'CTRL_LEFT'
125,0008,703000,10713,'FORWARD'
113,0008,703000,11388,'CTRL_LEFT'
 86,0008,703000,11388,'MEDIA_STOP'
113,0008,703000,12198,'CTRL_LEFT'
  0,0008,703000,12198,'UNKNOWN'
113,0008,703000,12828,'CTRL_LEFT'
 92,0008,703000,12828,'PAGE_UP'
113,0008,703000,13548,'CTRL_LEFT'
 93,0008,703000,13548,'PAGE_DOWN'
113,0008,703000,14268,'CTRL_LEFT'
  0,0008,703000,14268,'UNKNOWN'
113,0008,703000,89508,'CTRL_LEFT'
113,0008,703000,47677,'CTRL_LEFT'
113,0008,703000,67837,'CTRL_LEFT'
113,0008,703000,25342,'CTRL_LEFT'
  0,0008,703000,25342,'UNKNOWN'
113,0008,703000,26062,'CTRL_LEFT'
113,0008,703000,26782,'CTRL_LEFT'
  0,0008,703000,26782,'UNKNOWN'
113,0008,703000,27592,'CTRL_LEFT'
  0,0008,703000,27592,'UNKNOWN'
113,0008,703000,29347,'CTRL_LEFT'
  0,0008,703000,29347,'UNKNOWN'
113,0008,703000,30157,'CTRL_LEFT'
  0,0008,703000,30157,'UNKNOWN'
